%YAML:1.0
---
K: !!opencv-matrix
   rows: 3
   cols: 3
   dt: d
   data: [ 9.6435252616662422e+02, 0., 5.1490476704905609e+02, 0.,
       9.7114322593522138e+02, 3.3809599620749287e+02, 0., 0., 1. ]
D: !!opencv-matrix
   rows: 1
   cols: 5
   dt: d
   data: [ -2.5082578025393631e-01, 2.3179477899222998e+00,
       -1.7409679736663970e-02, 9.9470942815553052e-03,
       -5.4922129968602489e+00 ]
